68,3
66,4
66,3
65,3
63,3
57,3
52,3
48,3
46,3
42,3
40,3
38,3
36,3
32,3
30,3
28,3
26,3
24,3
22,5
22,3
20,3
18,3
16,3
10,4
10,3
4,3
2,78
2,77
2,76
2,75
2,74
2,73
2,72
2,71
2,70
2,69
2,68
2,67
2,66
2,65
2,64
2,32
2,31
2,27
2,26
2,25
2,24
2,23
2,22
2,16
2,15
2,14
2,9
2,8
2,7
2,5
2,3
2,2
2,1
2,0
1,7
1,6
1,5
1,4
1,3
0,710
0,697
0,679
0,675
0,605
0,577
0,571
0,560
0,554
0,539
0,518
0,490
0,488
0,485
0,484
0,475
0,474
0,463
0,458
0,455
0,454
0,443
0,442
0,439
0,420
0,415
0,410
0,405
0,404
0,403
0,401
0,399
0,243
0,9
0,0
0,629
0,615
0,464
0,441
0,638
0,596
0,449
0,489
0,570
0,388
0,300
0,312
0,299
0,538
0,298
0,524
0,297
0,562
0,296
0,523
0,295
0,387
0,294
0,397
0,293
0,513
0,292
0,542
0,291
0,566
0,290
0,393
0,289
0,310
0,288
0,309
0,287
0,541
0,286
0,540
0,285
0,531
0,284
0,394
0,283
0,390
0,282
0,578
0,281
0,512
0,280
0,307
0,279
0,392
0,278
0,511
0,277
0,497
0,276
0,534
0,275
0,581
0,274
0,402
0,273
0,510
0,272
0,429
0,271
0,580
0,270
0,550
0,269
68,5
70,3
72,4
74,3
77,3
79,3
83,3
89,3
89,4
93,3
95,3
97,5
101,3
106,3
107,6
107,7
109,3
111,3
118,3
142,3
143,3
145,3
151,3
152,5
153,4
153,5
153,7
153,8
153,10
153,11
153,13
153,15
153,16
153,18
153,19
153,21
153,23
153,24
153,26
153,27
153,29
153,30
153,32
153,34
153,35
153,37
153,39
158,4
158,6
158,7
158,10
164,3
168,3
172,3
175,3
179,3
186,3
190,3
194,3
198,3
204,3
206,3
209,4
211,3
211,6
211,8
215,3
244,3
247,3
253,3
255,3
259,3
263,3
265,3
269,3
271,3
275,3
281,3
283,3
287,3
289,3
293,3
296,3
296,5
300,4
303,1
303,4
303,5
303,7
303,9
303,10
303,12
303,13
303,15
307,3
318,3
322,3
324,3
330,4
335,3
341,5
345,3
347,3
351,3
352,3
356,3
364,3
369,4
378,6
379,3
389,3
389,4
390,3
391,4
394,3
403,3
408,3
416,3
426,3
429,0
429,2
429,3
430,1
430,2
432,0
432,2
432,3
432,5
434,0
434,2
434,4
435,0
435,2
435,3
436,1
436,2
437,0
437,2
437,3
438,1
438,2
439,0
439,2
439,3
440,1
440,2
441,0
441,2
441,3
442,1
442,2
443,0
443,1
443,3
444,1
444,2
445,0
445,1
445,3
446,1
446,2
447,0
447,1
447,3
448,0
448,2
449,0
449,1
449,3
450,0
450,2
451,0
451,1
451,3
452,0
452,2
452,3
453,1
453,3
454,0
454,2
454,3
455,1
455,3
456,0
456,2
456,3
457,1
457,3
458,0
458,2
458,3
459,1
459,2
460,0
460,2
460,3
461,1
461,2
462,0
462,2
462,3
463,1
463,2
464,0
464,1
464,3
465,1
465,2
466,0
466,1
466,3
467,1
467,2
468,0
468,1
468,3
469,0
469,2
470,0
470,1
470,3
471,0
471,2
472,0
472,1
472,3
473,0
473,2
473,3
474,1
474,3
475,0
475,2
475,3
476,1
476,3
477,0
477,2
477,3
478,1
478,3
479,0
479,2
479,3
480,1
480,2
481,0
481,2
481,3
482,1
482,2
483,0
483,2
483,3
484,1
484,2
485,0
485,1
485,3
486,1
486,2
487,0
487,1
487,3
488,1
488,2
489,0
489,1
489,3
490,0
490,2
491,0
491,1
491,3
492,0
492,2
493,0
493,1
493,3
494,0
494,2
495,0
495,1
495,3
496,0
496,2
496,3
497,1
497,3
498,0
498,2
498,3
499,1
499,3
500,0
500,2
500,3
501,1
501,2
502,0
502,2
502,3
503,1
503,2
504,0
504,2
504,3
505,1
505,2
506,0
506,1
506,3
507,1
507,2
508,0
508,1
508,3
509,1
509,2
510,0
510,1
510,3
511,1
511,2
512,0
512,1
512,3
513,0
513,2
514,0
514,1
514,3
515,0
515,2
516,0
516,1
516,3
517,0
517,2
517,3
518,1
518,3
519,0
519,2
519,3
520,1
520,3
521,0
521,2
521,3
522,1
522,2
522,4
523,0
523,1
523,3
524,0
524,2
525,0
525,1
525,3
526,0
526,2
526,3
526,5
527,1
527,2
527,4
528,0
528,2
529,0
529,1
529,3
529,4
530,0
530,2
530,3
531,1
531,2
531,4
532,0
532,2
533,0
533,1
533,3
536,0
536,2
537,0
537,1
537,3
537,4
541,0
541,1
541,3
542,1
542,2
543,0
543,1
543,3
544,1
544,2
545,0
545,1
545,3
546,0
546,2
547,0
547,1
547,3
548,0
548,2
551,0
551,1
551,3
552,0
552,2
553,0
553,1
553,3
554,0
554,2
554,3
555,1
555,3
556,0
556,2
556,3
557,1
557,3
558,0
558,2
558,3
559,1
559,2
560,0
560,2
560,3
562,1
562,2
563,0
563,2
563,3
569,1
569,2
570,0
570,1
570,3
573,1
573,2
574,0
574,1
574,3
575,1
575,2
576,0
576,1
576,3
577,0
577,2
578,0
578,1
578,3
581,0
581,2
582,0
582,1
582,3
583,0
583,2
584,0
584,1
584,3
585,0
585,2
585,3
586,1
586,3
587,0
587,2
587,3
588,1
588,3
591,0
591,2
591,3
592,1
592,2
595,0
595,2
595,3
596,1
596,2
596,4
599,1
599,2
634,0
634,1
634,3
634,4
635,1
635,3
636,0
636,2
636,3
638,1
638,3
639,0
639,2
639,3
639,5
642,1
642,2
642,4
642,5
671,1
671,2
672,0
672,2
672,3
672,5
672,6
673,1
673,3
674,0
674,2
674,3
676,1
676,2
676,4
677,1
677,2
678,0
678,1
678,3
679,0
679,1
679,3
680,0
680,2
680,3
681,0
681,2
681,3
682,1
682,2
682,4
683,1
683,2
684,0
684,1
684,3
684,4
685,1
685,3
686,0
686,2
686,3
687,0
687,2
687,3
688,1
688,2
688,4
689,1
689,2
692,0
692,1
692,3
693,0
693,2
693,4
693,5
700,1
700,2
700,4
701,0
701,1
701,3
701,4
702,1
702,2
704,0
704,2
704,3
705,1
705,2
707,0
707,2
707,3
707,5
708,0
708,2
708,3
709,1
709,3
709,4
710,1
710,2
711,0
711,2
711,3
712,0
712,1
712,3
714,1
714,2
714,4
714,5
715,0
715,1
715,3
716,1
716,2
717,0
717,1
717,3
717,5
718,0
718,2
718,3
719,1
719,2
720,0
720,2
720,3
722,1
722,2
723,0
723,2
723,3
724,1
724,2
726,0
726,1
726,3
727,0
727,1
727,3
728,0
728,2
728,4
729,0
729,2
729,3
733,1
733,3
733,4
734,0
734,1
734,3
734,4
734,6
734,8
734,9
735,1
735,2
736,0
736,2
736,3
739,1
739,2
740,0
740,1
740,3
741,1
741,2
743,0
743,1
743,3
744,0
744,1
744,3
744,4
745,0
745,1
745,3
745,5
745,6
746,1
746,2
746,4
746,6
746,7
747,0
747,1
747,3
748,0
748,2
748,4
749,0
749,2
749,3
750,0
750,2
750,3
750,5
751,0
751,2
752,0
752,1
752,3
752,4
754,1
754,2
754,4
754,6
756,0
756,2
756,3
757,1
757,3
757,4
758,1
758,2
758,4
758,5
759,1
759,3
759,4
762,0
762,1
762,3
763,1
763,2
763,4
764,0
764,2
764,3
764,5
764,7
764,8
764,10
764,11
764,13
764,15
764,16
764,18
765,0
765,2
765,4
765,5
766,1
766,2
766,4
766,5
769,1
769,3
770,0
770,2
770,3
771,1
771,3
773,0
773,2
773,3
774,0
774,1
774,3
775,1
775,2
776,0
776,1
776,3
777,1
777,2
778,0
778,1
778,3
778,4
779,0
779,2
779,3
779,5
779,6
780,1
780,3
780,4
781,0
781,1
781,3
781,4
781,6
782,1
782,2
782,4
782,5
783,1
783,3
784,0
784,2
784,3
784,5
785,1
785,2
785,4
785,5
786,0
786,1
786,3
786,5
787,0
787,2
787,3
788,1
788,3
788,4
789,1
789,2
790,0
790,1
790,3
791,1
791,2
792,0
792,1
792,3
792,5
793,0
793,2
793,3
794,1
794,2
795,0
795,2
795,3
796,1
796,2
797,0
797,2
797,3
798,1
798,2
799,0
799,2
799,3
800,1
800,2
801,0
801,1
801,3
802,1
802,2
802,4
803,0
803,2
804,0
804,1
804,3
804,4
805,1
805,2
806,0
806,2
806,3
807,1
807,2
809,0
809,2
809,3
809,5
809,6
810,1
810,2
810,4
811,1
811,2
811,4
811,5
811,7
812,1
812,2
813,0
813,1
813,3
813,4
814,1
814,3
815,0
815,2
815,3
816,1
816,3
817,0
817,2
817,3
817,5
817,7
818,0
818,2
818,3
819,1
819,2
820,0
820,2
820,3
821,1
821,2
822,0
822,2
822,3
823,1
823,2
824,0
824,1
824,3
824,2
823,3
823,0
822,1
821,3
821,0
820,1
819,3
819,0
818,1
817,6
817,4
817,1
816,2
816,0
815,1
814,2
814,0
813,2
812,3
812,0
811,6
811,3
811,0
810,3
810,0
809,4
809,1
807,3
807,0
806,1
805,3
805,0
804,2
803,3
803,1
802,3
802,0
801,2
800,3
800,0
799,1
798,3
798,0
797,1
796,3
796,0
795,1
794,3
794,0
793,1
792,4
792,2
791,3
791,0
790,2
789,3
789,0
788,2
788,0
787,1
786,4
786,2
785,6
785,3
785,0
784,4
784,1
783,2
783,0
782,3
782,0
781,5
781,2
780,5
780,2
780,0
779,4
779,1
778,5
778,2
777,3
777,0
776,2
775,3
775,0
774,2
773,4
773,1
771,2
771,0
770,1
769,2
769,0
766,3
766,0
765,3
765,1
764,17
764,14
764,12
764,9
764,6
764,4
764,1
763,3
763,0
762,2
759,5
759,2
759,0
758,3
758,0
757,2
757,0
756,1
754,5
754,3
754,0
752,2
751,3
751,1
750,4
750,1
749,4
749,1
748,3
748,1
747,2
746,8
746,5
746,3
746,0
745,4
745,2
744,5
744,2
743,4
743,2
741,3
741,0
740,2
739,3
739,0
736,1
735,3
735,0
734,7
734,5
734,2
733,5
733,2
733,0
729,1
728,3
728,1
727,2
726,4
726,2
724,3
724,0
723,1
722,3
722,0
720,1
719,3
719,0
718,1
717,4
717,2
716,3
716,0
715,2
714,6
714,3
714,0
712,2
711,4
711,1
710,3
710,0
709,2
709,0
708,1
707,4
707,1
705,3
705,0
704,1
702,3
702,0
701,2
700,5
700,3
700,0
693,3
693,1
692,2
689,3
689,0
688,3
688,0
687,1
686,4
686,1
685,2
685,0
684,2
683,3
683,0
682,3
682,0
681,1
680,4
680,1
679,2
678,4
678,2
677,3
677,0
676,3
676,0
674,1
673,2
673,0
672,4
672,1
671,3
671,0
642,3
642,0
639,4
639,1
638,2
638,0
636,1
635,2
635,0
634,2
599,3
599,0
596,3
596,0
595,1
592,3
592,0
591,1
588,2
588,0
587,1
586,2
586,0
585,1
584,2
583,3
583,1
582,2
581,3
581,1
578,2
577,3
577,1
576,2
575,3
575,0
574,2
573,3
573,0
570,2
569,3
569,0
563,1
562,3
562,0
560,1
559,3
559,0
558,1
557,2
557,0
556,1
555,2
555,0
554,1
553,2
552,3
552,1
551,2
548,3
548,1
547,2
546,3
546,1
545,2
544,3
544,0
543,2
542,3
542,0
541,2
537,5
537,2
536,3
536,1
533,2
532,3
532,1
531,3
531,0
530,1
529,5
529,2
528,3
528,1
527,3
527,0
526,4
526,1
525,2
524,3
524,1
523,2
522,5
522,3
522,0
521,1
520,2
520,0
519,1
518,2
518,0
517,1
516,2
515,3
515,1
514,2
513,3
513,1
512,2
511,3
511,0
510,2
509,3
509,0
508,2
507,3
507,0
506,2
505,3
505,0
504,1
503,3
503,0
502,1
501,3
501,0
500,1
499,2
499,0
498,1
497,2
497,0
496,1
495,2
494,3
494,1
493,2
492,3
492,1
491,2
490,3
490,1
489,2
488,3
488,0
487,2
486,3
486,0
485,2
484,3
484,0
483,1
482,3
482,0
481,1
480,3
480,0
479,1
478,2
478,0
477,1
476,2
476,0
475,1
474,2
474,0
473,1
472,2
471,3
471,1
470,2
469,3
469,1
468,2
467,3
467,0
466,2
465,3
465,0
464,2
463,3
463,0
462,1
461,3
461,0
460,1
459,3
459,0
458,1
457,2
457,0
456,1
455,2
455,0
454,1
453,2
453,0
452,1
451,2
450,3
450,1
449,2
448,3
448,1
447,2
446,3
446,0
445,2
444,3
444,0
443,2
442,3
442,0
441,1
440,3
440,0
439,1
438,3
438,0
437,1
436,3
436,0
435,1
434,3
434,1
432,4
432,1
430,3
430,0
429,1
417,3
408,4
394,4
391,3
389,5
388,3
378,5
358,3
354,3
349,3
343,3
341,3
330,3
320,3
306,3
303,14
303,11
303,8
303,6
303,3
300,3
296,4
291,3
285,3
279,3
273,3
267,3
261,3
257,3
251,3
217,3
211,7
211,5
209,3
202,3
196,3
188,3
177,3
171,3
166,3
158,8
158,5
153,40
153,36
153,33
153,31
153,28
153,25
153,22
153,20
153,17
153,14
153,12
153,9
153,6
152,6
151,4
144,3
140,3
116,3
107,8
107,5
99,3
97,3
91,3
85,3
81,3
74,4
72,3
0,509
0,268
0,565
0,267
0,555
0,266
0,417
0,265
0,494
0,264
0,416
0,263
0,391
0,262
0,576
0,261
0,435
0,260
0,530
0,259
0,258
0,423
0,257
0,532
0,256
0,516
0,255
0,389
0,254
0,444
0,253
0,549
0,252
0,548
0,251
0,553
0,250
0,422
0,249
0,608
0,248
0,413
0,247
0,487
0,246
0,438
0,245
0,412
0,244
0,744
0,242
0,411
0,241
0,595
0,240
0,507
0,239
0,468
0,238
0,592
0,237
0,588
0,236
0,515
0,235
0,437
0,234
0,385
0,233
0,428
0,232
0,421
0,231
0,386
0,230
0,229
0,434
0,228
0,409
0,227
0,427
0,226
0,546
0,225
0,419
0,224
0,587
0,223
0,384
0,222
0,433
0,221
0,432
0,220
0,431
0,219
0,758
0,218
0,476
0,217
0,522
0,216
0,505
0,215
0,545
0,214
0,430
0,213
0,575
0,212
0,527
0,211
0,408
0,210
0,407
0,209
0,529
0,208
0,426
0,207
0,467
0,206
0,395
0,205
0,552
0,204
0,568
0,203
0,521
0,202
0,436
0,201
0,573
0,200
0,567
0,199
0,551
0,198
0,520
0,197
0,559
0,196
0,195
0,466
0,194
0,517
0,193
0,192
0,396
0,63
0,544
0,62
0,425
0,61
0,514
0,60
0,519
0,59
0,406
0,58
0,57
0,558
0,56
0,547
0,55
0,418
0,54
0,424
0,53
0,572
0,52
0,557
0,51
0,579
0,50
0,561
0,49
0,313
0,48
0,563
0,47
0,556
0,46
0,398
0,45
0,525
0,6
0,5
0,414
0,304
0,1
0,400
0,303
0,306
0,305
0,302
0,446
0,12
0,669
0,10
0,448
0,8
0,440
0,11
0,4
0,2
0,3
0,7
